78 30 91 64 15 70 43 90 84 10 76 4 51 62 31 33 3 56 24 55 28 92 98 6 98 17 15 9 51 95 36 72 24 76 40 20 56 29 26 34 58 61 7 48 87 21 84 81 36 96 94 18 65 71 36 84 8 64 68 74 17 63 61 76 76 36 56 96 25 69 18 35 10 87 30 96 4 75 1 76 32 13 64 20 14 49 20 98 23 91 58 10 64 29 94 65 4 84 37 16 
91 1 97 92 64 62 73 56 81 99 99 90 75 80 1 64 90 61 89 77 95 66 1 67 82 79 89 53 40 82 83 97 78 75 66 17 3 71 11 25 98 75 20 45 32 6 13 50 33 48 11 95 98 95 99 16 74 48 32 68 17 25 84 15 96 72 65 61 7 24 50 1 71 26 58 1 89 94 39 44 42 52 14 24 84 49 40 68 13 64 87 53 25 24 7 70 10 98 31 80 
20 84 32 18 26 78 21 65 37 39 58 62 64 29 63 96 64 2 4 20 27 23 78 90 97 4 26 1 22 23 77 10 46 33 64 4 95 48 13 31 57 30 29 93 91 95 45 1 12 5 13 27 5 89 69 52 24 34 71 6 91 26 92 72 59 41 77 67 34 52 44 44 52 98 47 36 83 94 81 3 88 83 1 2 30 17 97 76 81 74 5 99 69 83 66 10 49 88 5 5 
64 44 65 85 90 80 36 64 21 84 70 84 5 52 1 34 34 99 17 64 98 57 15 89 62 69 47 39 88 91 84 36 49 75 23 84 80 5 58 20 84 63 54 18 89 66 67 37 80 41 64 11 36 85 46 80 21 86 16 33 19 60 96 62 82 80 46 59 66 6 51 28 49 3 3 56 5 89 18 24 74 60 62 47 4 61 43 2 54 22 88 30 75 82 16 53 11 89 56 77 
53 66 88 34 16 23 35 52 67 86 3 98 91 7 37 23 88 38 30 59 65 25 46 61 20 34 88 56 77 61 94 43 52 76 68 76 59 78 56 4 3 47 92 81 36 17 64 1 19 92 8 18 20 12 84 7 15 6 43 26 92 49 89 12 56 30 23 71 4 82 23 22 29 34 7 56 22 79 42 87 51 35 76 1 29 98 92 81 9 68 19 92 30 83 34 25 36 31 59 30 
27 41 31 25 58 45 44 40 83 43 85 77 75 27 87 20 64 51 54 37 56 52 22 36 39 81 94 74 61 38 17 3 82 27 36 57 23 16 59 83 4 31 50 31 55 39 16 25 1 71 77 96 60 51 5 6 1 86 50 91 51 27 57 38 51 68 86 32 34 38 56 88 73 95 72 76 84 24 62 89 71 95 45 8 33 65 71 46 86 29 43 56 48 79 73 79 20 67 93 4 
58 4 99 60 70 91 50 31 74 21 73 7 63 26 94 25 95 47 12 61 59 11 70 37 11 97 30 79 79 44 20 55 22 76 64 74 73 69 31 54 63 78 95 21 28 89 16 19 88 94 51 1 92 15 86 52 40 42 23 37 50 99 92 23 40 87 98 76 84 7 36 22 53 13 44 80 20 13 84 3 15 52 38 61 13 46 42 58 28 99 63 69 35 12 45 40 71 55 24 3 
96 48 6 25 67 77 8 16 59 27 10 93 7 49 42 31 68 87 37 63 27 68 96 97 95 50 83 1 95 30 45 31 66 86 74 95 38 67 70 42 23 4 13 89 18 51 89 43 29 87 10 64 50 72 33 62 50 23 72 59 17 67 97 45 29 56 61 61 16 48 60 90 52 1 33 77 38 49 18 60 2 74 42 7 93 4 12 70 3 37 54 44 97 20 16 40 23 61 92 10 
3 4 23 56 98 49 49 67 38 63 57 85 73 87 94 76 83 85 88 53 89 95 84 9 7 59 26 38 54 18 53 2 18 16 26 79 81 54 37 43 30 79 33 99 87 40 65 10 50 57 44 62 60 14 1 90 3 22 61 38 73 32 50 84 76 64 76 51 80 26 44 50 67 4 99 14 30 8 71 33 24 94 26 81 77 63 13 15 32 80 10 88 84 1 14 50 5 54 74 37 
45 37 92 93 54 45 92 60 56 35 60 21 60 46 6 71 39 33 13 6 67 36 78 80 79 28 18 9 73 67 87 32 36 96 8 79 88 28 14 97 31 75 44 90 83 96 70 34 32 31 21 35 52 40 86 75 89 79 25 83 56 38 48 40 86 59 69 64 31 20 34 49 1 50 54 8 64 56 29 99 8 91 46 89 85 43 88 48 73 53 59 43 20 58 76 76 91 54 88 36 
95 92 22 58 86 35 30 29 17 76 53 48 85 27 78 63 25 58 11 57 22 81 99 48 29 98 36 93 23 40 13 25 65 4 4 76 6 69 23 61 17 89 38 46 73 86 3 80 14 63 21 47 87 47 6 25 84 66 1 40 64 83 50 33 32 5 41 70 14 97 34 52 53 69 88 16 22 55 41 32 36 18 27 67 46 42 58 68 83 76 58 31 77 66 25 88 67 73 38 57 
75 24 69 1 4 22 31 21 98 68 12 54 95 8 85 18 76 32 35 66 3 56 35 60 87 11 51 28 9 74 69 65 60 2 26 95 24 4 52 86 93 52 27 15 23 20 54 24 67 59 5 49 13 71 41 19 2 39 39 7 83 37 38 16 60 44 1 76 78 53 57 38 37 93 2 33 96 33 53 32 52 67 49 63 8 78 49 58 41 53 21 22 41 70 57 34 37 59 22 24 
84 62 60 67 59 33 97 28 7 38 61 31 61 46 10 76 71 99 93 59 9 35 3 78 27 86 50 84 87 13 10 69 87 60 93 25 58 78 84 82 27 88 33 99 9 6 56 94 57 26 89 43 77 80 42 61 69 70 88 30 44 13 59 37 53 32 47 32 7 52 33 39 21 67 43 79 96 79 85 22 3 45 88 94 99 52 50 50 1 51 42 14 88 20 49 99 97 52 26 25 
76 52 28 19 70 79 52 69 50 43 42 26 62 87 50 16 52 60 22 44 93 17 60 73 1 85 76 73 30 56 42 18 84 52 11 64 33 79 2 53 70 62 64 46 68 12 40 7 91 66 83 22 31 47 81 70 25 12 12 26 26 23 24 97 78 10 41 10 16 10 31 37 21 71 54 14 16 97 57 67 49 15 76 22 96 69 57 53 69 38 89 14 27 91 51 34 27 17 86 74 
82 76 23 30 31 67 75 4 74 78 80 26 43 84 52 47 91 39 16 40 19 51 10 49 64 3 21 24 52 63 43 80 81 42 65 39 31 35 74 9 20 90 44 90 12 73 6 99 74 54 34 29 87 21 74 81 3 57 31 59 80 28 69 97 1 46 54 88 8 96 26 41 99 51 39 29 86 97 27 36 32 83 50 34 81 62 48 16 14 11 92 11 16 97 51 13 45 49 1 67 
86 81 4 56 13 57 31 73 69 26 74 46 65 25 88 39 97 23 40 47 79 87 68 50 40 12 97 23 43 8 84 4 39 31 78 5 25 16 19 44 55 32 81 63 10 89 22 90 39 89 10 23 7 14 33 88 43 25 51 53 71 65 13 61 16 15 35 4 99 93 1 10 65 74 84 90 75 9 45 97 67 30 8 33 80 89 60 43 68 1 26 2 15 73 20 59 2 84 25 42 
62 92 78 56 10 5 70 64 13 66 83 76 63 48 27 19 37 72 36 23 93 32 77 10 40 40 83 21 99 47 33 1 80 55 79 98 83 90 59 28 8 60 27 2 27 76 91 15 55 93 90 53 29 78 91 52 3 96 65 44 37 59 73 6 79 87 8 6 68 75 5 44 92 81 78 93 96 79 63 7 88 97 68 10 42 39 96 60 74 94 82 1 97 55 12 2 73 12 14 50 
80 60 21 23 92 21 40 31 91 96 75 25 6 5 7 84 12 38 4 62 98 26 97 57 79 94 15 54 31 45 3 93 31 2 33 77 88 8 18 79 84 1 91 49 65 3 53 81 2 50 75 54 69 69 41 21 76 34 16 72 51 99 49 84 13 47 62 10 12 63 48 56 91 81 89 55 16 59 99 27 63 34 12 93 33 59 49 13 86 25 13 58 85 7 52 87 14 88 18 12 
58 83 61 11 98 60 70 69 15 59 44 13 58 7 68 16 20 81 34 65 41 43 91 87 62 72 7 38 59 39 34 2 31 50 52 36 98 26 90 61 79 74 81 61 13 33 91 82 96 95 79 41 64 29 71 3 54 54 6 20 71 43 15 73 5 60 93 5 68 92 24 54 58 47 8 18 93 42 90 45 47 76 55 85 56 67 74 41 60 59 63 66 58 2 16 87 23 86 65 26 
57 88 39 64 30 6 64 65 4 71 19 44 74 89 61 91 97 83 22 86 18 73 60 93 28 29 48 67 6 58 5 29 10 66 17 60 23 6 96 61 16 32 96 24 30 81 97 5 82 66 58 43 35 13 27 48 28 33 98 38 99 71 94 76 10 40 76 55 67 94 38 11 18 4 47 78 69 4 53 37 76 19 94 33 56 99 33 87 6 19 91 79 39 20 64 95 49 43 38 15 
63 94 29 53 88 49 61 18 30 57 29 22 98 29 81 25 39 65 20 84 99 18 60 9 40 52 20 39 25 19 6 96 84 26 47 74 4 59 89 67 34 62 77 77 27 69 2 84 74 74 42 53 51 45 49 85 15 59 2 69 56 26 74 17 93 39 71 56 56 18 55 78 21 53 72 13 32 24 96 45 15 79 50 6 43 78 44 43 16 77 66 69 30 81 66 29 97 81 69 34 
10 94 93 82 97 2 2 41 34 30 9 13 35 96 82 25 64 58 24 48 99 22 86 73 69 16 88 44 14 86 9 91 74 63 21 49 19 60 84 34 85 56 56 87 23 6 94 73 94 27 38 75 22 48 88 29 32 61 16 67 74 88 94 75 6 43 20 87 91 30 16 88 77 3 23 17 81 78 7 18 25 74 7 22 48 31 3 83 24 63 99 56 41 59 30 36 36 68 57 63 
4 60 31 26 69 20 86 68 71 30 77 83 87 23 52 33 2 74 46 89 51 15 5 13 60 77 5 93 16 75 22 41 80 70 6 16 51 59 61 30 67 95 3 34 26 31 48 59 27 45 28 42 82 20 62 92 33 9 3 28 1 25 91 54 57 86 66 17 23 47 68 38 44 31 42 70 78 23 97 41 80 27 80 36 47 78 57 48 10 32 46 96 44 44 22 98 90 24 39 57 
99 84 34 21 86 42 68 63 95 41 37 10 48 10 14 52 57 95 39 82 19 66 50 72 26 88 61 52 82 70 13 25 48 66 11 83 27 32 38 7 75 31 63 24 87 89 96 67 48 21 48 45 10 44 14 12 3 42 91 18 37 16 38 91 39 36 22 96 1 82 94 90 28 43 82 23 92 9 62 86 48 8 83 42 28 96 32 42 86 29 90 90 36 94 38 60 35 53 34 32 
37 52 90 10 65 60 93 11 86 11 39 5 76 97 80 69 12 68 28 81 42 57 26 57 49 55 58 38 91 95 53 6 64 6 40 91 12 58 85 57 40 22 4 87 60 35 20 81 17 54 21 78 14 85 67 9 55 53 31 32 92 82 46 55 51 63 86 46 45 78 68 35 8 61 66 87 80 2 64 75 60 69 8 75 77 19 27 87 3 78 68 68 7 22 84 42 59 77 10 45 
57 39 24 74 98 73 73 71 40 75 15 7 97 32 80 99 15 20 25 54 86 95 82 45 72 83 20 71 35 39 46 28 46 61 82 42 67 84 37 84 59 19 94 21 17 82 57 84 16 56 77 84 49 13 27 2 97 3 75 48 15 95 37 28 26 26 26 51 30 87 93 32 96 90 60 23 65 18 46 1 4 66 16 86 13 84 65 12 99 93 71 48 66 11 6 24 65 52 18 88 
4 49 82 90 92 79 30 60 91 61 35 32 87 51 22 42 36 24 62 13 60 10 68 19 43 38 54 22 55 2 50 75 79 42 50 42 37 66 50 37 26 46 98 56 33 91 94 80 84 51 6 47 3 8 40 6 71 22 91 57 92 9 28 47 4 4 84 33 68 11 71 52 71 33 39 70 70 89 42 67 44 67 47 35 9 51 67 1 62 23 77 20 92 37 63 56 4 19 67 58 
88 62 60 61 28 49 45 25 15 39 91 29 42 44 69 75 39 34 62 20 45 74 3 12 35 57 13 9 26 27 57 72 12 94 36 63 44 52 81 89 22 15 37 89 10 47 80 61 99 26 14 99 27 55 82 22 18 52 19 18 99 58 91 23 31 66 24 16 85 16 97 51 56 90 94 45 50 83 33 33 21 48 56 27 81 91 85 32 51 48 96 87 35 86 21 10 13 13 42 69 
34 50 67 18 3 81 99 58 55 65 63 47 63 72 68 83 56 85 80 43 72 67 33 14 32 15 63 70 20 48 10 33 10 37 49 70 82 12 22 69 23 15 65 73 50 43 93 25 7 63 14 30 77 9 11 22 27 85 84 86 53 8 81 60 22 94 74 22 10 9 98 50 18 75 78 17 26 28 86 81 60 56 2 17 90 52 65 20 58 8 3 23 21 8 4 60 36 67 55 11 
65 13 8 65 49 62 8 65 39 86 81 77 99 1 64 84 51 91 62 79 56 20 21 84 35 32 1 39 78 37 27 16 99 32 51 71 74 34 67 62 46 76 94 89 71 63 67 95 26 84 97 44 62 72 80 2 32 38 81 61 52 69 7 96 55 95 74 32 27 83 47 1 46 69 39 16 24 93 99 48 46 36 24 58 68 32 44 38 12 99 77 33 89 68 79 60 21 57 4 61 
72 59 8 49 36 6 73 77 68 3 71 55 76 99 8 26 81 17 99 27 16 66 93 21 25 73 13 51 6 8 13 96 86 17 97 96 95 62 74 43 58 60 41 47 96 12 2 91 20 58 90 29 13 46 1 85 88 70 91 66 40 16 11 90 59 78 95 22 91 57 32 83 8 25 59 98 18 44 51 43 28 74 73 19 25 18 37 48 32 29 77 98 2 99 60 29 23 41 77 96 
12 67 68 39 19 97 50 85 24 81 20 49 17 88 94 92 71 71 46 72 77 71 4 99 68 14 13 73 6 84 16 1 22 80 87 26 50 91 3 59 29 30 41 10 29 55 3 3 34 62 36 80 87 57 76 71 89 72 78 35 17 25 88 74 46 70 44 58 92 41 5 50 69 46 96 43 33 19 69 21 57 3 57 92 63 97 21 82 91 87 13 62 40 84 29 88 76 89 42 99 
89 23 81 1 18 88 20 84 41 98 55 15 62 69 21 84 68 1 37 9 3 36 33 64 70 82 91 41 4 97 53 38 63 12 78 11 19 2 21 28 46 97 81 66 97 41 22 79 77 28 88 97 1 55 56 54 68 60 44 76 73 8 64 84 80 56 58 25 55 20 42 71 91 31 42 99 6 60 6 59 46 85 16 60 92 57 67 15 33 24 86 40 72 63 47 99 38 75 21 26 
32 93 33 7 60 88 31 44 14 19 48 1 12 42 68 89 15 72 8 96 12 16 96 42 28 32 60 44 67 94 58 71 96 50 54 22 95 14 97 18 62 65 66 41 13 64 74 93 56 17 87 32 26 9 92 58 50 30 62 52 78 88 29 42 70 67 3 32 37 15 29 35 42 49 48 62 42 81 20 70 12 83 30 84 28 30 30 54 79 73 61 33 11 63 50 22 16 81 67 38 
91 97 56 45 66 71 17 7 11 76 63 92 60 61 34 14 76 1 20 26 75 52 89 94 27 56 32 3 24 20 4 9 23 20 79 88 65 80 10 12 57 96 74 23 59 75 63 70 42 14 70 77 21 24 94 95 17 62 19 6 29 49 39 81 66 78 30 82 7 77 90 74 58 97 92 61 75 56 62 15 38 22 55 17 52 40 62 19 36 85 67 45 44 59 96 99 75 14 48 28 
39 53 80 39 87 2 18 1 35 29 98 61 73 61 7 75 24 95 63 72 65 17 46 97 25 68 51 66 83 47 89 49 63 49 17 9 80 93 18 29 99 37 24 46 29 99 35 58 80 4 25 14 95 36 58 10 63 50 5 26 96 32 53 50 24 46 40 83 34 29 67 34 65 75 64 25 64 2 68 12 72 87 26 2 38 35 90 25 93 93 87 71 11 44 40 96 33 69 98 24 
34 75 11 52 89 67 38 84 49 28 25 27 82 11 19 68 60 73 90 38 34 74 90 72 54 84 31 31 10 33 84 35 94 79 46 30 44 47 94 93 11 54 3 54 86 26 74 23 45 55 63 70 50 68 11 38 51 13 97 2 54 93 91 84 39 50 41 17 86 85 76 68 18 16 99 56 33 41 56 74 78 26 94 76 46 76 36 89 15 10 24 28 42 39 99 36 92 78 66 80 
65 29 14 66 83 79 54 77 52 26 11 81 55 6 6 72 70 80 43 74 66 53 71 77 41 99 81 13 6 73 58 45 44 65 36 6 95 40 18 40 85 34 97 30 21 34 20 84 63 23 23 95 71 32 52 83 56 86 39 86 5 28 5 61 52 17 14 11 65 36 42 68 47 45 26 29 24 51 69 33 12 12 41 62 10 73 40 72 5 47 61 87 60 6 60 93 60 61 22 76 
15 1 3 33 2 46 33 41 9 2 15 31 46 52 6 81 68 6 95 28 2 55 7 45 90 58 80 37 81 66 31 66 72 28 38 26 73 28 77 28 20 53 95 16 45 95 76 53 52 41 28 74 88 23 14 48 78 62 82 58 99 66 22 32 8 72 19 55 77 5 59 28 41 55 4 2 82 28 91 13 33 79 70 83 70 31 32 35 21 83 34 61 16 47 25 51 82 63 44 67 
80 68 69 55 54 15 86 54 83 66 16 78 9 44 87 13 90 98 83 2 6 68 65 78 27 66 85 4 34 58 52 94 75 58 57 24 24 94 67 99 16 93 22 36 2 39 6 63 23 61 45 45 4 53 6 85 28 95 54 61 70 5 72 27 96 59 28 3 8 41 93 49 6 13 92 46 70 33 71 64 93 85 59 21 93 11 42 42 32 87 2 5 9 44 85 11 47 30 67 83 
94 41 17 52 71 25 46 75 50 66 26 81 23 5 62 34 12 6 13 57 30 69 59 73 26 23 23 66 57 44 82 84 60 89 86 76 90 35 90 50 27 84 17 54 95 81 50 50 22 92 11 81 59 56 80 28 33 48 78 38 66 71 75 79 56 97 77 10 86 82 2 42 19 92 24 50 58 90 56 32 16 22 28 24 6 98 36 51 88 49 58 68 31 72 39 38 19 20 37 87 
42 93 22 69 1 46 19 57 34 31 65 6 31 85 14 86 34 46 26 57 19 78 44 89 55 19 80 12 2 1 61 50 37 64 92 33 42 49 43 86 72 64 41 44 6 77 59 38 33 41 18 46 75 29 88 49 48 50 64 26 43 54 93 16 15 64 2 70 73 94 13 8 16 73 90 83 46 82 16 98 93 36 17 64 17 82 30 56 10 40 84 9 43 66 49 85 66 62 65 38 
77 20 52 13 93 48 44 57 26 94 24 58 12 35 50 2 7 76 41 55 31 97 60 40 78 23 62 74 48 88 28 16 9 88 48 94 45 97 67 59 8 52 83 19 13 61 84 13 48 3 92 17 33 92 58 28 37 55 65 59 15 10 89 40 32 98 28 61 61 86 89 36 95 2 31 55 99 49 69 56 34 26 47 68 19 98 40 6 78 24 83 63 88 34 61 59 89 18 69 67 
54 95 69 91 1 89 62 11 33 63 93 66 29 28 77 34 59 73 30 61 18 15 60 54 44 40 37 18 92 38 28 77 53 7 73 32 45 75 57 10 31 40 83 45 71 83 12 11 98 52 13 84 38 70 9 73 22 37 1 57 38 61 93 44 25 16 84 25 79 72 54 2 91 51 13 84 3 48 97 62 85 74 56 40 22 38 84 91 68 37 54 52 51 5 71 24 16 67 41 85 
36 6 26 22 50 2 47 6 21 85 98 44 32 31 56 73 17 48 83 85 98 65 64 64 49 36 87 7 24 16 88 94 97 12 97 87 48 45 3 31 62 6 11 48 95 37 6 33 17 16 68 39 83 87 46 25 36 31 19 79 92 13 68 28 96 41 82 9 38 23 43 77 1 45 5 77 83 32 95 17 73 66 18 75 63 66 63 42 16 55 48 9 28 15 25 27 37 6 43 34 
11 37 86 74 82 50 97 37 89 1 32 53 30 89 99 9 90 37 54 27 37 71 46 49 48 24 38 82 44 42 78 13 42 36 55 9 74 10 40 64 48 25 83 99 85 12 71 20 84 18 85 59 57 75 76 78 49 46 84 46 35 95 34 84 71 39 31 92 48 90 40 71 16 57 54 63 75 5 4 63 28 38 29 57 35 51 26 58 2 76 18 72 17 39 42 98 1 71 52 58 
79 14 3 14 80 15 77 56 85 3 30 94 77 90 67 95 48 54 61 19 69 13 80 74 12 12 81 55 25 39 24 75 80 48 1 96 93 9 37 70 83 62 19 21 99 12 15 28 32 22 7 66 52 90 36 20 1 81 63 64 75 14 62 96 53 30 62 86 24 87 16 74 83 37 79 81 39 89 77 46 48 2 52 17 61 41 30 37 98 35 45 45 4 54 54 27 66 11 97 65 
43 14 65 39 29 75 77 52 1 89 24 65 74 15 85 59 8 82 67 53 55 92 67 35 76 48 51 14 62 24 33 99 34 63 2 92 1 53 89 69 70 15 92 23 25 34 42 38 24 28 29 61 69 45 13 36 5 80 85 70 84 84 86 38 17 47 25 88 56 19 79 88 46 78 16 16 86 93 91 61 10 23 1 5 46 21 95 74 91 22 5 16 32 7 54 33 13 57 72 11 
88 77 89 58 9 14 74 56 88 24 41 37 3 2 34 87 63 73 72 97 13 51 41 49 37 49 34 87 22 46 79 95 12 84 74 26 2 3 75 49 94 7 63 33 68 83 27 17 72 95 80 84 13 91 99 35 72 86 67 29 33 21 85 86 69 79 44 62 52 31 51 3 16 59 56 57 25 70 36 63 17 59 97 88 35 83 74 31 75 7 3 3 52 69 48 2 70 32 40 22 
7 67 90 58 57 41 23 75 84 95 9 48 88 78 28 6 69 76 87 27 7 27 96 97 66 7 93 42 52 24 35 13 91 66 90 45 78 90 73 35 24 75 42 54 90 99 19 60 28 40 54 13 27 42 23 89 17 48 84 12 61 46 57 7 8 2 32 64 91 76 60 34 79 1 65 68 41 16 92 25 49 15 71 77 2 93 23 18 14 13 21 68 68 27 39 61 37 21 83 94 
72 87 29 2 67 45 51 41 96 6 9 59 21 73 36 21 28 67 71 76 64 39 55 99 99 84 90 79 84 22 29 22 5 36 5 4 26 3 47 72 93 95 54 77 32 15 82 5 91 11 67 41 32 40 44 24 98 4 3 82 42 58 18 97 46 92 92 86 86 49 35 27 28 52 52 34 48 83 47 15 45 80 54 14 16 74 17 13 13 36 66 16 76 74 48 19 19 42 9 27 
70 26 15 71 50 93 1 47 15 9 60 61 11 14 64 95 61 45 70 42 99 28 24 77 41 52 60 35 28 69 42 23 4 51 13 38 87 33 33 33 78 72 58 91 11 19 81 83 89 22 94 69 67 70 47 69 14 97 72 79 99 66 24 1 66 60 16 8 91 35 5 74 41 4 28 40 20 3 41 90 55 92 13 32 32 78 29 77 65 42 30 27 53 63 45 48 60 60 31 28 
13 15 5 11 37 93 66 89 45 10 43 95 29 33 60 70 2 90 16 74 43 71 81 70 86 86 76 77 2 21 66 48 97 42 96 54 30 39 74 72 31 95 97 15 6 9 72 82 89 97 50 46 83 83 81 35 95 46 34 7 46 84 42 81 9 87 73 30 41 8 70 86 86 23 92 96 35 96 12 93 47 90 49 49 56 67 22 3 17 36 51 71 25 99 25 93 76 85 50 43 
1 34 30 38 42 80 85 44 77 34 13 63 27 43 3 83 21 6 79 70 91 75 87 56 25 86 82 16 70 21 72 66 22 34 50 11 23 28 22 66 88 92 50 4 64 6 98 1 20 8 95 33 59 60 62 58 74 17 72 79 95 45 55 59 5 47 43 61 59 68 79 42 26 75 39 33 88 39 68 28 89 60 77 87 71 48 5 68 66 33 49 83 16 15 44 9 58 5 45 37 
13 42 37 27 81 44 54 51 62 62 66 26 1 13 29 67 37 66 38 80 5 76 93 78 4 55 1 90 53 24 61 20 30 48 64 66 37 63 77 37 36 30 65 61 19 77 98 95 85 46 85 30 70 52 78 79 11 52 16 64 99 19 30 94 20 87 43 45 47 75 66 76 36 37 84 15 96 60 58 68 60 79 96 49 18 15 48 5 67 62 46 89 43 51 9 44 64 38 8 65 
46 99 53 13 74 38 34 8 83 17 9 59 33 99 9 52 96 81 27 38 2 56 76 62 95 92 95 66 39 43 16 33 81 56 64 16 86 6 93 55 65 32 3 52 49 93 23 47 90 61 55 18 90 77 6 85 84 15 63 21 71 39 39 88 70 14 67 91 85 8 9 43 27 23 99 97 89 32 11 67 93 25 45 44 35 37 58 55 28 14 28 95 22 96 82 50 80 63 42 99 
53 1 19 34 46 70 44 94 67 27 46 33 1 84 67 23 51 26 24 81 35 46 35 99 81 90 28 86 37 16 75 7 49 67 2 93 95 75 64 95 38 17 60 35 27 7 57 26 96 51 14 23 34 97 80 85 9 97 99 13 59 28 85 60 42 58 51 43 95 34 5 37 46 72 22 45 56 49 51 76 19 6 53 59 20 77 44 91 76 18 62 14 10 49 65 89 76 76 76 39 
63 46 75 97 90 30 43 47 5 20 42 67 29 51 90 76 35 35 59 8 56 15 33 89 86 94 54 30 53 75 24 77 13 44 28 81 16 52 8 1 23 66 66 90 95 37 34 84 65 99 99 74 18 90 29 30 19 43 36 76 38 84 30 18 59 47 63 20 25 6 31 24 9 83 8 7 68 39 15 59 69 49 96 97 61 81 33 10 10 65 57 51 5 62 89 43 66 43 53 5 
30 72 39 4 55 50 38 30 32 19 71 6 25 7 78 95 72 74 86 9 85 67 76 11 88 76 65 31 99 89 96 45 7 82 70 28 21 93 69 41 67 19 64 52 13 49 32 65 95 56 12 63 84 64 31 70 70 96 99 60 24 47 94 50 96 71 12 46 21 69 42 23 63 75 12 61 8 57 99 77 45 82 48 35 56 82 41 50 94 32 75 40 11 32 56 32 17 64 51 56 
51 77 30 28 25 53 51 75 14 78 87 94 28 72 26 8 2 79 20 51 97 74 82 61 79 96 21 41 6 80 57 10 30 97 78 60 34 17 25 79 7 22 8 16 3 31 56 12 25 95 30 60 70 78 21 76 60 35 16 16 85 69 89 50 68 48 58 90 14 13 96 92 18 74 46 45 56 91 51 67 17 25 50 70 43 63 22 99 83 12 31 74 57 68 23 70 64 72 52 96 
28 88 80 84 27 41 48 85 7 89 64 61 62 15 68 30 95 39 2 40 87 17 21 11 15 83 7 97 24 52 63 20 9 29 10 14 95 16 35 58 34 55 62 38 75 88 11 22 95 57 32 50 66 45 34 33 88 1 45 3 5 43 49 57 95 23 22 96 13 71 44 45 35 37 13 28 49 96 81 62 51 90 43 6 25 2 64 15 10 14 4 35 84 31 78 75 16 51 68 96 
73 78 94 59 99 42 9 89 46 87 34 24 7 31 42 12 73 33 28 81 3 89 36 80 58 25 17 42 79 98 52 38 77 47 76 37 16 13 7 83 97 6 72 87 44 17 68 25 34 78 66 12 3 44 43 49 55 65 33 94 99 95 91 52 58 91 65 60 1 17 95 70 43 19 67 18 21 87 66 12 85 52 75 72 96 51 53 80 87 56 38 23 46 84 6 35 31 27 62 94 
51 70 93 30 81 63 6 61 33 57 82 26 25 48 53 73 88 81 25 83 15 34 36 87 12 2 25 47 68 83 60 63 28 84 60 10 58 17 57 73 98 19 89 10 54 68 83 49 91 53 82 87 40 46 15 53 15 1 30 21 6 49 32 39 51 33 45 98 67 2 78 67 65 65 41 24 93 80 32 65 46 18 65 38 34 66 50 49 18 82 13 6 61 40 47 63 39 47 50 20 
87 3 24 91 49 50 40 98 24 94 80 50 57 70 14 95 73 30 42 65 80 68 61 36 89 86 8 88 55 41 30 58 38 20 3 25 93 57 40 17 44 69 73 49 67 77 73 76 15 93 72 54 28 80 76 16 59 57 21 51 89 51 2 2 60 39 42 7 55 4 71 10 65 40 97 10 42 40 23 10 85 23 88 78 48 62 5 39 49 96 81 59 64 11 96 17 25 32 84 84 
13 68 85 92 18 77 85 84 89 71 33 25 8 3 12 66 20 17 99 29 79 93 89 18 58 43 20 45 66 80 15 91 4 42 35 13 97 64 42 62 2 10 44 54 41 72 71 1 55 67 12 2 59 75 92 68 67 84 49 23 34 24 98 40 83 4 72 32 22 99 95 30 20 50 76 76 50 89 65 36 74 49 96 62 64 23 46 57 77 25 51 33 82 33 57 57 13 26 68 24 
23 32 78 47 26 97 53 70 2 13 39 29 5 25 56 16 34 13 7 35 71 84 25 71 72 7 66 25 63 94 67 10 57 10 26 54 62 58 65 98 84 14 99 9 98 22 97 8 5 87 47 67 58 4 68 46 6 98 71 61 59 67 60 5 49 64 6 7 68 39 43 21 52 15 46 56 88 94 18 95 51 43 94 87 28 66 74 2 80 66 38 18 32 46 82 99 48 14 71 30 
51 86 68 28 93 49 27 25 53 19 23 30 70 52 95 56 25 45 45 63 76 38 23 6 9 82 40 65 22 92 36 97 73 43 3 96 30 44 31 72 21 1 55 81 80 99 8 64 60 72 37 9 57 19 68 46 21 97 56 78 67 6 80 41 73 27 40 80 29 37 84 25 85 19 63 70 41 56 14 43 35 31 32 67 7 13 24 43 41 43 49 73 51 12 72 83 4 44 93 15 
53 8 96 66 62 88 83 42 14 66 60 16 95 82 24 40 86 66 93 87 41 69 29 24 68 21 30 88 99 20 94 52 32 41 9 50 52 48 56 51 30 68 24 62 14 6 40 46 14 48 6 78 79 33 23 47 37 33 87 49 69 56 30 24 49 13 86 34 48 76 58 80 95 33 3 13 87 71 87 97 72 45 12 75 12 19 23 26 8 85 7 87 12 16 91 22 68 1 21 47 
51 30 67 78 14 36 27 66 76 34 16 95 41 82 3 72 22 95 64 68 3 38 98 94 57 27 59 9 78 19 65 74 20 8 48 31 42 47 4 40 49 56 11 49 57 79 59 99 88 92 20 82 79 73 81 76 33 21 6 54 56 81 95 72 46 42 64 45 60 45 77 30 65 52 17 27 91 18 23 46 63 95 28 79 19 29 52 43 56 86 32 91 68 86 92 99 49 9 15 68 
79 65 25 10 78 56 75 23 60 41 89 13 89 80 40 5 39 55 92 14 51 55 13 4 89 30 49 90 99 70 97 32 59 64 66 49 66 23 94 61 53 77 34 83 29 62 93 88 33 86 94 44 87 6 88 34 41 37 7 33 68 36 92 10 66 12 5 57 85 41 45 14 95 91 53 29 27 70 17 25 33 56 17 88 51 3 61 18 69 29 10 85 97 56 76 16 45 8 93 51 
47 85 71 44 27 55 37 30 97 51 46 73 97 19 56 74 32 48 33 44 36 2 95 15 99 32 61 15 23 25 28 50 25 83 43 86 9 47 70 30 32 95 80 91 26 8 55 16 43 67 55 39 35 44 98 55 77 56 52 66 31 79 53 92 80 13 17 38 57 72 45 5 35 89 53 82 97 16 26 41 59 18 12 76 43 72 83 3 78 77 34 90 60 16 12 84 20 18 31 80 
1 21 16 67 84 93 31 78 32 98 5 48 86 21 28 10 85 86 8 20 58 90 88 56 33 32 4 63 71 60 25 31 59 28 62 93 18 38 42 40 80 4 30 87 52 21 93 34 31 62 2 79 86 48 25 97 7 17 79 93 90 86 82 11 54 84 93 67 41 56 20 86 38 29 42 69 23 64 26 71 12 58 80 24 66 99 45 56 99 18 52 88 88 24 96 41 43 51 61 61 
65 35 82 47 82 96 12 94 41 13 44 76 70 52 72 53 79 61 32 46 38 38 40 50 85 98 67 69 68 16 14 32 64 86 27 44 36 64 95 7 1 72 80 73 25 6 84 37 65 95 57 45 39 44 30 37 91 86 16 14 48 59 60 48 63 56 58 87 55 49 9 82 27 54 8 17 68 46 80 57 13 34 19 8 4 19 66 65 7 78 27 33 79 56 73 40 47 46 37 14 
47 88 30 27 5 53 92 73 82 78 94 62 84 13 6 10 49 22 69 19 56 78 23 30 68 4 5 75 95 65 51 29 99 13 29 16 12 60 81 31 90 24 59 61 68 37 84 12 55 83 72 98 38 23 51 64 92 60 34 57 44 12 20 94 53 56 18 43 86 95 4 37 20 77 68 33 45 67 6 49 43 23 86 88 6 26 3 9 79 30 41 51 70 66 14 26 86 83 32 9 
25 60 99 55 96 96 61 67 89 41 48 50 75 89 92 54 73 51 58 13 12 50 98 32 1 28 9 23 26 46 25 18 88 28 79 48 72 10 26 22 90 4 75 75 80 31 54 54 40 5 53 7 66 26 97 65 49 59 54 23 89 61 6 21 53 45 4 92 60 55 41 16 1 78 26 82 6 84 59 89 47 59 72 20 64 68 90 3 77 63 76 79 49 16 81 63 71 68 86 7 
10 41 27 38 11 52 22 20 92 95 82 71 58 95 67 28 56 77 62 5 76 88 5 61 15 98 44 69 67 22 28 15 1 29 33 87 43 90 8 38 75 58 79 15 60 74 2 24 30 33 31 98 81 55 16 87 53 51 64 49 50 78 68 32 62 49 47 36 77 78 12 35 11 85 96 55 92 34 14 18 40 22 61 45 4 4 12 75 23 54 27 27 54 68 72 68 15 33 27 11 
96 82 34 18 27 97 16 97 6 6 17 58 69 86 18 45 92 73 17 22 40 24 74 1 12 14 28 69 46 77 60 15 63 41 56 96 97 42 17 78 34 66 10 76 7 98 33 60 21 4 4 3 63 49 94 23 37 84 84 71 98 28 49 57 13 77 78 99 47 35 64 66 4 99 28 60 55 54 4 65 92 63 42 6 11 41 15 5 50 82 1 89 95 88 15 22 78 41 84 10 
72 29 31 75 60 1 5 52 66 4 13 24 82 97 73 81 96 16 32 52 12 47 34 23 79 65 36 51 39 68 23 38 94 6 29 13 23 89 66 69 93 93 74 85 92 8 10 20 95 98 66 15 93 92 36 92 87 16 8 59 91 75 24 8 38 91 80 44 64 62 52 51 80 44 7 13 39 53 58 56 30 54 39 74 69 62 93 2 43 47 21 71 49 70 34 72 27 2 4 93 
13 55 55 33 59 48 26 32 62 74 69 99 82 39 71 48 30 11 74 16 74 17 71 82 63 92 77 57 13 5 32 54 82 45 93 39 90 89 70 9 61 50 14 82 37 83 15 19 27 17 16 74 61 76 99 50 72 77 46 25 28 19 49 38 28 67 97 10 18 99 44 44 56 69 79 44 41 96 5 94 38 11 25 27 5 27 43 5 71 43 4 64 56 27 58 42 22 63 34 43 
47 25 88 4 71 36 95 28 92 95 35 86 57 35 12 91 21 10 22 84 17 10 34 8 39 18 70 45 61 48 45 71 58 27 80 67 44 94 84 15 55 59 59 18 13 28 45 37 59 14 48 2 40 34 91 71 96 56 18 23 91 10 20 55 35 5 51 2 66 78 35 74 97 9 25 53 10 28 30 96 51 13 59 30 3 73 96 23 83 71 95 93 67 23 82 7 20 49 33 64 
38 94 97 42 51 13 19 56 95 13 17 99 75 28 75 14 67 80 41 66 61 79 28 86 26 2 18 36 2 7 32 23 54 16 18 23 7 19 46 72 49 50 31 29 53 11 87 11 90 10 30 67 99 20 54 36 93 67 5 24 18 87 22 12 18 16 74 24 22 4 36 31 1 85 26 12 72 56 59 49 53 61 40 82 3 28 48 4 16 42 92 18 88 82 68 3 72 13 63 97 
60 55 66 80 73 48 69 22 27 41 66 20 3 46 8 36 61 24 55 13 8 70 90 54 75 15 70 9 64 55 91 33 57 81 16 43 47 85 42 20 87 78 52 85 29 70 42 2 28 31 56 29 37 64 85 7 58 14 37 3 26 14 3 47 7 33 42 96 51 19 72 11 97 11 13 22 59 55 60 25 16 18 63 46 25 77 87 55 48 10 79 75 85 16 28 20 74 62 86 81 
80 29 90 25 93 16 7 76 84 70 48 59 26 66 26 6 76 93 92 86 18 62 35 6 6 92 55 46 36 3 96 30 40 60 13 34 48 45 85 58 4 3 50 33 2 63 80 46 35 52 83 14 56 6 10 62 41 58 38 12 42 73 83 24 7 58 39 80 38 86 53 51 96 45 79 44 96 16 6 65 61 92 41 24 53 26 54 25 25 11 8 3 4 9 95 77 25 23 92 37 
44 44 55 49 26 6 54 67 84 99 21 18 35 24 91 50 8 53 56 43 76 57 34 23 11 14 24 41 18 96 68 96 63 57 78 20 56 53 59 5 78 18 95 32 87 20 70 67 55 90 63 3 41 66 92 58 63 41 29 34 37 66 19 75 61 31 90 94 1 78 35 44 83 1 92 57 53 42 21 17 31 61 29 30 46 48 64 49 41 99 89 98 20 1 55 49 36 1 98 76 
96 82 88 52 74 19 29 28 48 80 7 52 47 81 82 17 89 50 64 92 88 83 84 86 88 8 81 16 17 12 31 81 4 92 28 91 95 27 70 60 77 30 60 9 2 61 28 68 45 87 87 76 31 25 95 60 61 16 47 74 79 41 47 99 25 1 28 61 85 30 45 72 59 80 45 5 11 22 63 80 6 94 82 26 9 74 32 26 97 81 31 42 94 23 68 84 51 27 12 58 
29 76 80 24 84 39 55 60 67 52 27 41 34 2 53 85 45 9 81 91 62 25 43 79 96 16 42 60 43 11 70 74 33 76 71 89 90 77 26 46 20 76 67 50 57 33 82 22 30 55 92 45 17 85 59 57 76 86 21 68 20 21 90 8 28 40 71 49 69 98 83 52 81 58 44 74 70 40 80 50 40 51 76 64 40 7 71 38 2 22 72 20 85 2 24 6 90 51 2 8 
93 37 10 90 63 17 44 23 73 47 59 89 68 23 28 44 62 40 74 86 64 64 15 92 77 28 70 30 1 54 98 42 71 74 37 12 28 81 28 41 34 31 35 41 95 87 85 56 40 83 66 2 46 72 72 36 38 4 88 44 10 72 71 64 26 85 62 55 75 63 6 44 68 23 46 90 74 85 8 30 41 36 81 80 16 9 62 15 13 68 37 37 50 53 98 22 2 14 95 19 
47 52 28 60 56 33 8 34 43 37 68 57 63 79 46 96 48 49 1 67 72 41 32 55 51 31 39 9 86 59 26 57 63 44 11 9 72 4 86 37 65 16 94 26 78 91 58 17 67 19 38 93 61 82 37 73 99 24 70 19 73 6 11 6 71 85 79 2 49 86 93 7 90 61 11 72 93 71 93 30 20 55 18 70 70 84 72 83 9 46 59 6 36 62 1 22 37 49 40 64 
60 43 18 99 47 2 21 67 47 4 36 8 65 90 58 88 35 83 52 12 23 56 48 82 30 34 77 63 45 32 76 91 32 70 68 46 52 14 9 22 25 39 32 90 96 67 64 12 55 4 50 59 41 19 69 37 29 17 24 80 35 79 72 16 78 56 50 7 50 99 65 13 97 3 74 96 88 71 57 69 49 14 80 64 70 1 85 79 71 23 17 43 57 32 53 12 60 52 66 49 
77 93 42 48 91 25 4 56 63 91 39 63 18 22 13 98 98 85 57 7 43 19 45 80 53 3 64 24 71 76 38 50 51 90 31 39 80 2 42 68 85 12 69 13 50 90 11 78 98 17 30 1 82 99 53 60 67 69 60 8 52 41 59 27 79 2 59 16 96 79 48 90 84 15 79 10 43 70 89 8 51 67 49 43 6 86 7 80 74 5 30 14 16 5 66 87 4 31 26 50 
79 56 96 45 94 23 3 11 48 68 7 43 96 28 2 62 63 42 90 95 37 22 43 84 20 45 38 9 60 87 47 18 37 21 82 54 30 56 35 49 43 36 69 84 15 28 80 1 19 19 22 59 92 46 18 77 42 65 22 43 67 7 39 77 39 9 55 96 76 23 19 71 37 83 76 92 18 76 72 10 53 31 94 1 54 17 22 18 95 19 82 42 42 10 15 76 34 84 73 98 
8 25 50 98 81 21 78 25 84 27 77 66 93 46 49 18 47 11 88 73 63 59 76 15 34 83 19 83 90 51 82 37 38 96 13 19 29 16 60 8 4 72 43 21 65 8 64 2 63 85 67 52 59 20 48 1 93 83 71 46 61 78 23 77 85 67 39 95 1 90 61 23 57 65 35 60 73 82 75 80 46 61 92 32 9 15 61 75 56 64 52 67 80 69 60 33 67 44 90 5 
83 32 2 23 15 53 22 8 7 25 17 97 93 12 79 5 67 62 39 81 58 35 99 17 72 34 41 46 23 25 66 1 53 31 55 74 63 50 94 39 65 79 91 99 94 92 48 58 46 42 48 76 76 40 41 62 1 4 72 2 55 35 42 2 27 48 28 22 57 29 2 23 15 97 62 68 84 88 67 69 81 67 88 14 85 59 41 21 30 60 27 62 1 86 23 3 29 99 73 81 
92 38 21 98 65 81 71 58 26 85 24 35 13 88 25 48 54 43 82 45 17 95 77 22 27 64 29 14 91 76 29 50 12 42 41 59 76 58 82 76 18 70 24 19 96 18 34 58 53 64 66 29 30 95 45 94 46 39 5 21 80 78 76 54 25 91 82 79 86 74 49 73 27 56 10 28 41 85 76 7 95 99 44 37 90 46 89 26 67 1 53 76 37 80 33 10 62 16 37 54 
65 13 8 69 44 26 9 11 67 12 98 13 1 33 61 60 37 66 5 23 61 22 92 8 55 25 56 15 53 36 30 68 92 43 97 98 67 14 1 84 91 10 59 56 79 85 45 3 17 65 57 15 54 43 41 58 78 30 87 66 23 12 10 92 63 88 98 84 9 93 20 85 38 14 70 12 53 70 99 81 5 30 37 39 52 82 27 50 21 33 11 99 20 6 68 1 18 22 6 30 
27 11 71 41 74 30 82 91 85 74 34 61 44 28 40 51 80 74 19 68 18 51 37 54 67 79 75 12 91 88 18 48 84 28 79 73 71 12 74 34 52 60 20 11 10 40 74 55 57 26 89 77 94 75 23 65 37 4 45 63 1 49 59 4 27 97 57 23 84 64 85 99 25 97 63 82 7 24 86 68 85 10 93 55 69 80 99 76 54 10 27 2 38 49 17 85 94 62 5 97 
72 66 57 3 85 17 10 21 77 89 26 3 74 69 79 60 71 65 40 85 18 48 19 2 11 18 16 5 51 75 29 50 24 29 15 64 66 89 72 92 51 14 14 73 83 56 26 13 90 19 44 6 58 89 11 10 86 86 6 17 44 54 91 75 23 64 61 90 10 36 80 43 8 68 59 36 91 94 92 15 50 7 51 60 7 33 43 16 76 33 84 66 83 48 76 38 32 95 4 72 
63 48 61 77 67 81 83 46 90 62 14 82 6 85 73 94 99 56 6 44 41 54 36 63 49 41 89 22 4 75 3 20 84 52 42 69 8 17 76 39 9 4 97 8 65 45 62 19 3 75 44 72 14 61 4 75 27 75 79 4 15 43 48 10 85 83 74 87 11 85 81 45 52 69 68 53 39 68 94 72 65 45 3 76 60 96 78 52 60 96 81 54 27 99 54 68 95 90 88 57 
19 76 93 23 74 69 17 57 12 24 81 17 92 70 93 99 53 84 20 73 38 30 91 65 72 9 88 71 45 70 71 37 36 16 96 14 73 68 91 73 40 78 7 50 46 49 79 44 79 97 99 18 95 77 60 94 62 26 18 73 85 18 68 29 40 47 16 33 8 88 2 35 74 36 89 47 73 44 94 93 68 55 65 62 52 44 16 48 25 46 83 60 23 7 11 9 25 42 98 75 
45 52 54 42 11 4 70 25 57 68 81 55 43 39 40 3 65 81 9 72 64 82 4 29 83 96 69 80 64 34 20 51 29 36 12 73 57 78 22 36 88 8 55 26 5 46 35 4 13 67 83 85 45 70 92 91 99 60 28 59 9 71 13 45 73 66 76 22 37 63 88 81 71 62 97 89 31 51 95 66 2 98 75 26 4 89 14 98 29 40 90 78 98 7 26 99 84 19 96 64 
